-0.076	-0.129	-0.095	-0.128	-0.093	-0.099	-0.095	-0.112	0.048	-0.037	-0.077	0.041	0.063	-0.164	-0.078
0.445	0.195	0.333	0.188	0.342	0.308	0.331	0.252	0.623	0.707	0.428	0.673	0.530	0.098	0.435
103	103	107	107	107	107	107	107	107	107	107	107	103	103	103
-0.178	-0.204	0.051	0.159	-0.126	-0.075	0.063	-0.008	0.136	0.010	-0.082	0.139	-0.025	-0.202	0.129
0.094	0.054	0.628	0.125	0.225	0.475	0.546	0.936	0.192	0.925	0.431	0.181	0.816	0.056	0.226
90	90	94	94	94	94	94	94	94	94	94	94	90	90	90
-0.058	-0.086	-0.033	-0.015	-0.133	-0.119	-0.021	-0.088	0.034	-0.072	-0.133	0.087	-0.085	0.077	0.032
0.585	0.421	0.756	0.883	0.201	0.254	0.843	0.397	0.742	0.491	0.200	0.403	0.426	0.472	0.765
90	90	94	94	94	94	94	94	94	94	94	94	90	90	90
-0.025	0.009	0.037	0.000	0.044	-0.006	-0.026	-0.014	0.101	0.065	0.063	0.099	0.100	-0.053	0.085
0.787	0.923	0.690	0.997	0.637	0.951	0.781	0.881	0.270	0.479	0.492	0.280	0.284	0.573	0.364
116	116	120	120	120	120	120	120	120	120	120	120	116	116	116
-0.127	-0.254	-0.208	-0.082	-0.198	-0.152	-0.136	-0.136	0.195	-0.247	-0.269	0.097	0.293	-0.189	0.031
0.174	0.006	0.022	0.374	0.030	0.097	0.140	0.140	0.033	0.007	0.003	0.292	0.001	0.042	0.745
116	116	120	120	120	120	120	120	120	120	120	120	116	116	116
-0.113	-0.212	-0.184	-0.086	-0.153	-0.120	-0.109	-0.110	0.202	-0.197	-0.218	0.120	0.262	-0.171	0.042
0.226	0.022	0.045	0.350	0.096	0.191	0.235	0.233	0.027	0.031	0.017	0.192	0.004	0.066	0.653
116	116	120	120	120	120	120	120	120	120	120	120	116	116	116
-0.105	-0.146	0.010	0.045	-0.081	-0.129	-0.020	-0.049	0.231	0.010	-0.031	0.198	-0.030	-0.158	0.100
0.260	0.119	0.912	0.625	0.381	0.159	0.825	0.593	0.011	0.918	0.735	0.031	0.751	0.090	0.283
116	116	120	120	120	120	120	120	120	120	120	120	116	116	116
-0.102	-0.222	-0.161	-0.078	-0.146	-0.122	-0.092	-0.103	0.214	-0.164	-0.2	0.136	0.26	-0.189	0.037
0.275	0.017	0.079	0.399	0.111	0.184	0.316	0.265	0.019	0.073	0.029	0.139	0.005	0.042	0.693
116	116	120	120	120	120	120	120	120	120	120	120	116	116	116