-0.342	-0.393	-0.112	-0.041	-0.294	-0.325	-0.195	-0.299	0.276	-0.133	-0.188	0.252	0.107	0.000	-0.110
0.064	0.031	0.554	0.831	0.114	0.080	0.301	0.108	0.140	0.484	0.319	0.178	0.574	0.998	0.564
30	30	30	30	30	30	30	30	30	30	30	30	30	30	30
-0.304	-0.416	-0.183	-0.328	-0.116	-0.157	-0.584	-0.374	-0.039	-0.469	-0.361	-0.018	-0.056	-0.040	0.152
0.131	0.035	0.372	0.102	0.571	0.443	0.002	0.059	0.849	0.016	0.070	0.931	0.785	0.846	0.458
26	26	26	26	26	26	26	26	26	26	26	26	26	26	26
-0.103	-0.247	-0.138	-0.255	-0.142	-0.248	-0.306	-0.276	-0.020	-0.180	-0.257	-0.007	-0.034	-0.009	0.069
0.604	0.204	0.484	0.191	0.471	0.203	0.113	0.155	0.918	0.360	0.186	0.971	0.863	0.962	0.726
28	28	28	28	28	28	28	28	28	28	28	28	28	28	28
-0.340	-0.392	-0.096	-0.032	-0.289	-0.327	-0.199	-0.302	0.278	-0.135	-0.186	0.254	0.107	0.006	-0.091
0.066	0.032	0.613	0.866	0.122	0.077	0.292	0.105	0.138	0.478	0.325	0.176	0.573	0.973	0.634
30	30	30	30	30	30	30	30	30	30	30	30	30	30	30
0.061	-0.141	-0.42	-0.386	-0.228	-0.101	-0.127	-0.118	-0.120	-0.211	-0.276	-0.101	-0.088	0.055	-0.213
0.748	0.456	0.021	0.035	0.226	0.594	0.505	0.534	0.527	0.263	0.139	0.594	0.644	0.773	0.259
30	30	30	30	30	30	30	30	30	30	30	30	30	30	30
-0.104	-0.301	-0.4	-0.355	-0.336	-0.251	-0.206	-0.254	0.031	-0.286	-0.355	0.035	0.018	0.085	-0.161
0.583	0.106	0.028	0.054	0.070	0.181	0.274	0.176	0.869	0.126	0.054	0.856	0.927	0.657	0.395
30	30	30	30	30	30	30	30	30	30	30	30	30	30	30
														
														
30	30	30	30	30	30	30	30	30	30	30	30	30	30	30
-0.104	-0.301	-0.4	-0.355	-0.336	-0.251	-0.206	-0.254	0.031	-0.286	-0.355	0.035	0.018	0.085	-0.161
0.583	0.106	0.028	0.054	0.070	0.181	0.274	0.176	0.869	0.126	0.054	0.856	0.927	0.657	0.395
30	30	30	30	30	30	30	30	30	30	30	30	30	30	30