-0.237	-0.199	-0.232	-0.251	-0.279	-0.281	-0.239	-0.243	0.175	-0.124	-0.200	0.261	0.318	-0.306	0.268
0.287	0.388	0.299	0.260	0.209	0.205	0.283	0.276	0.435	0.583	0.373	0.241	0.149	0.167	0.228
22	21	22	22	22	22	22	22	22	22	22	22	22	22	22
-0.615	-0.491	-0.506	-0.268	-0.275	-0.365	-0.795	-0.536	0.051	-0.695	-0.534	0.010	0.434	0.148	-0.325
0.004	0.033	0.023	0.252	0.241	0.114	0.000	0.015	0.830	0.001	0.015	0.967	0.056	0.533	0.162
20	19	20	20	20	20	20	20	20	20	20	20	20	20	20
-0.352	-0.155	-0.164	-0.002	-0.483	-0.428	-0.144	-0.363	0.377	-0.220	-0.363	0.366	-0.175	-0.247	-0.174
0.108	0.503	0.466	0.992	0.023	0.047	0.523	0.097	0.083	0.325	0.097	0.094	0.437	0.268	0.438
22	21	22	22	22	22	22	22	22	22	22	22	22	22	22
0.000	0.085	0.038	-0.019	-0.115	-0.096	0.058	-0.058	0.231	0.173	-0.058	0.271	0.275	-0.135	0.231
1.000	0.687	0.852	0.926	0.574	0.640	0.779	0.779	0.256	0.397	0.779	0.180	0.174	0.512	0.256
26	25	26	26	26	26	26	26	26	26	26	26	26	26	26
-0.122	0.016	-0.044	0.063	-0.266	-0.201	-0.015	-0.126	0.289	0.011	-0.156	0.337	0.183	-0.115	-0.081
0.552	0.938	0.830	0.762	0.188	0.325	0.942	0.539	0.152	0.959	0.447	0.092	0.371	0.577	0.693
26	25	26	26	26	26	26	26	26	26	26	26	26	26	26
-0.115	0.016	-0.058	0.040	-0.288	-0.222	-0.011	-0.149	0.316	0.020	-0.180	0.364	0.192	-0.106	-0.041
0.575	0.938	0.779	0.846	0.154	0.275	0.958	0.466	0.115	0.923	0.378	0.068	0.347	0.607	0.843
26	25	26	26	26	26	26	26	26	26	26	26	26	26	26
														
														
26	25	26	26	26	26	26	26	26	26	26	26	26	26	26
-0.115	0.016	-0.058	0.040	-0.288	-0.222	-0.011	-0.149	0.316	0.020	-0.180	0.364	0.192	-0.106	-0.041
0.575	0.938	0.779	0.846	0.154	0.275	0.958	0.466	0.115	0.923	0.378	0.068	0.347	0.607	0.843
26	25	26	26	26	26	26	26	26	26	26	26	26	26	26