														
														
31	31	31	31	31	31	31	31	31	31	31	31	31	31	31
-0.245	-0.256	-0.273	-0.240	0.081	0.102	-0.266	-0.251	0.055	-0.288	-0.252	-0.168	0.093	0.186	-0.123
0.191	0.173	0.144	0.202	0.670	0.590	0.156	0.180	0.774	0.123	0.179	0.376	0.625	0.325	0.517
30	30	30	30	30	30	30	30	30	30	30	30	30	30	30
														
														
30	30	30	30	30	30	30	30	30	30	30	30	30	30	30
														
														
31	31	31	31	31	31	31	31	31	31	31	31	31	31	31
-0.061	0.002	-0.447	-0.417	-0.399	-0.412	-0.453	-0.441	0.231	-0.417	-0.417	-0.159	-0.107	-0.145	-0.253
0.743	0.990	0.012	0.019	0.026	0.021	0.011	0.013	0.210	0.019	0.019	0.393	0.567	0.436	0.170
31	31	31	31	31	31	31	31	31	31	31	31	31	31	31
-0.061	0.002	-0.447	-0.417	-0.399	-0.412	-0.453	-0.441	0.231	-0.417	-0.417	-0.159	-0.107	-0.145	-0.253
0.743	0.990	0.012	0.019	0.026	0.021	0.011	0.013	0.210	0.019	0.019	0.393	0.567	0.436	0.170
31	31	31	31	31	31	31	31	31	31	31	31	31	31	31
														
														
31	31	31	31	31	31	31	31	31	31	31	31	31	31	31
-0.061	0.002	-0.447	-0.417	-0.399	-0.412	-0.453	-0.441	0.231	-0.417	-0.417	-0.159	-0.107	-0.145	-0.253
0.743	0.990	0.012	0.019	0.026	0.021	0.011	0.013	0.210	0.019	0.019	0.393	0.567	0.436	0.170
31	31	31	31	31	31	31	31	31	31	31	31	31	31	31