-0.134	-0.120	-0.054	0.102	-0.317	-0.318	0.047	-0.155	0.023	-0.204	-0.406	0.047	0.147	0.125	0.098
0.415	0.467	0.743	0.536	0.050	0.049	0.775	0.346	0.889	0.214	0.010	0.778	0.373	0.450	0.551
39	39	39	39	39	39	39	39	39	39	39	39	39	39	39
-0.090	-0.214	-0.118	-0.101	-0.399	-0.396	-0.199	-0.327	0.107	-0.219	-0.384	0.058	0.262	0.125	0.051
0.586	0.190	0.475	0.541	0.012	0.012	0.226	0.042	0.517	0.180	0.016	0.726	0.107	0.447	0.757
39	39	39	39	39	39	39	39	39	39	39	39	39	39	39
0.258	0.269	0.331	0.165	0.134	0.103	-0.010	0.010	-0.160	0.300	0.248	-0.075	-0.148	0.351	0.212
0.112	0.098	0.040	0.315	0.415	0.531	0.950	0.950	0.332	0.064	0.128	0.650	0.368	0.028	0.195
39	39	39	39	39	39	39	39	39	39	39	39	39	39	39
-0.219	-0.313	-0.246	-0.111	-0.416	-0.446	-0.129	-0.348	0.202	-0.368	-0.55	0.022	0.416	-0.098	0.079
0.180	0.052	0.132	0.503	0.009	0.004	0.434	0.030	0.217	0.021	0.000	0.893	0.008	0.554	0.633
39	39	39	39	39	39	39	39	39	39	39	39	39	39	39
-0.363	-0.463	-0.44	-0.367	-0.528	-0.503	-0.286	-0.469	0.304	-0.465	-0.612	0.130	0.562	-0.186	-0.153
0.023	0.003	0.005	0.022	0.001	0.001	0.077	0.003	0.060	0.003	0.000	0.431	0.000	0.257	0.352
39	39	39	39	39	39	39	39	39	39	39	39	39	39	39
-0.336	-0.438	-0.432	-0.263	-0.514	-0.499	-0.210	-0.383	0.240	-0.516	-0.655	0.072	0.517	-0.152	-0.099
0.037	0.005	0.006	0.106	0.001	0.001	0.200	0.016	0.140	0.001	0.000	0.662	0.001	0.356	0.551
39	39	39	39	39	39	39	39	39	39	39	39	39	39	39
-0.209	-0.298	-0.295	-0.178	-0.485	-0.472	-0.221	-0.374	0.125	-0.411	-0.577	0.024	0.439	0.081	0.011
0.201	0.065	0.069	0.278	0.002	0.002	0.176	0.019	0.448	0.009	0.000	0.885	0.005	0.622	0.945
39	39	39	39	39	39	39	39	39	39	39	39	39	39	39
-0.334	-0.435	-0.442	-0.271	-0.515	-0.5	-0.220	-0.385	0.234	-0.526	-0.656	0.070	0.519	-0.140	-0.100
0.038	0.006	0.005	0.095	0.001	0.001	0.178	0.016	0.152	0.001	0.000	0.672	0.001	0.395	0.543
39	39	39	39	39	39	39	39	39	39	39	39	39	39	39