0.100	-0.038	0.130	0.075	-0.193	-0.238	-0.110	-0.192	0.082	-0.010	-0.037	0.155	-0.263	-0.232	0.300
0.636	0.857	0.534	0.720	0.356	0.251	0.600	0.359	0.698	0.963	0.861	0.458	0.205	0.264	0.145
25	25	25	25	25	25	25	25	25	25	25	25	25	25	25
-0.087	-0.109	0.268	0.105	0.080	-0.115	-0.258	-0.334	0.169	-0.024	-0.060	0.157	-0.223	-0.478	0.180
0.691	0.622	0.216	0.635	0.715	0.600	0.234	0.119	0.440	0.912	0.787	0.474	0.306	0.021	0.411
23	23	23	23	23	23	23	23	23	23	23	23	23	23	23
0.274	0.055	-0.318	-0.310	0.022	0.021	-0.139	-0.049	-0.032	-0.181	-0.073	-0.352	0.028	0.217	0.055
0.206	0.802	0.139	0.151	0.919	0.924	0.527	0.823	0.884	0.409	0.740	0.100	0.899	0.320	0.802
23	23	23	23	23	23	23	23	23	23	23	23	23	23	23
-0.060	-0.205	0.275	0.184	-0.061	-0.146	0.008	-0.101	0.197	0.178	0.100	0.243	-0.278	-0.253	0.312
0.748	0.269	0.134	0.320	0.743	0.432	0.965	0.589	0.289	0.337	0.592	0.188	0.129	0.169	0.088
31	31	31	31	31	31	31	31	31	31	31	31	31	31	31
-0.098	-0.094	-0.373	-0.369	-0.366	-0.411	-0.428	-0.54	0.123	-0.432	-0.448	-0.036	0.305	-0.063	-0.374
0.600	0.615	0.039	0.041	0.043	0.022	0.016	0.002	0.510	0.015	0.011	0.849	0.096	0.737	0.038
31	31	31	31	31	31	31	31	31	31	31	31	31	31	31
-0.078	-0.174	-0.201	-0.267	-0.393	-0.483	-0.423	-0.579	0.195	-0.313	-0.365	0.085	0.116	-0.175	-0.179
0.676	0.349	0.278	0.147	0.029	0.006	0.018	0.001	0.293	0.087	0.043	0.650	0.533	0.346	0.334
31	31	31	31	31	31	31	31	31	31	31	31	31	31	31
0.265	0.163	-0.122	-0.225	-0.041	-0.102	-0.163	-0.102	-0.182	-0.020	0.061	-0.148	-0.103	0.163	0.276
0.149	0.380	0.512	0.225	0.827	0.585	0.380	0.585	0.327	0.913	0.743	0.427	0.583	0.380	0.133
31	31	31	31	31	31	31	31	31	31	31	31	31	31	31
-0.064	-0.161	-0.215	-0.286	-0.388	-0.48	-0.431	-0.579	0.178	-0.316	-0.36	0.069	0.114	-0.162	-0.154
0.732	0.388	0.245	0.119	0.031	0.006	0.016	0.001	0.337	0.084	0.047	0.712	0.542	0.383	0.408
31	31	31	31	31	31	31	31	31	31	31	31	31	31	31