-0.086689681	-0.119807547	0.081084574	0.084761252	-0.179659744	-0.120480504	0.179150304	0.029571855	0.094595803	0.154302699	-0.056340242	0.158929507	0.107313584	-0.251	-0.102568402
0.367843844	0.212509767	0.399734683	0.378635073	0.060371053	0.209933662	0.061115284	0.75908978	0.325606453	0.107505246	0.558805987	0.097240066	0.264472228	0.008103666	0.286300351
110	110	110	110	110	110	110	110	110	110	110	110	110	110	110
-0.13678392	-0.12661864	-0.062189469	-0.102132668	-0.085444116	-0.09071392	-0.023439637	-0.111252571	0.034885641	-0.005003262	-0.131720457	0.065962685	0.070025483	-0.239	-0.145325607
0.181552539	0.216509252	0.545085153	0.319514477	0.405329391	0.376874282	0.819730011	0.277975581	0.734434284	0.961207855	0.198411621	0.52091548	0.49551233	0.018317132	0.155523685
97	97	97	97	97	97	97	97	97	97	97	97	97	97	97
-0.012967931	0.01484886	-0.087557623	-0.21	-0.109594414	-0.108932147	-0.130872109	-0.217	0.110693206	-0.004509754	-0.22	0.140497215	0.244	-0.147775066	-0.100117637
0.899150822	0.884617587	0.391277405	0.037702128	0.282711194	0.285647663	0.19897503	0.031964814	0.277883759	0.964847259	0.029354865	0.167629494	0.015563494	0.146469876	0.326659502
98	98	98	98	98	98	98	98	98	98	98	98	98	98	98
-0.083441866	-0.09666643	0.019315039	0.019911439	-0.207	-0.178	0.150445265	-0.039779117	0.140675408	0.132454201	-0.126893429	0.225	0.181	-0.205	-0.156419944
0.358845283	0.287496647	0.832070601	0.826965192	0.021862517	0.048758462	0.096723488	0.662227263	0.120670848	0.144171366	0.161930733	0.012176568	0.045271453	0.02268234	0.084038438
123	123	123	123	123	123	123	123	123	123	123	123	123	123	123
-0.098931693	-0.090685402	-0.321	-0.326	-0.213	-0.157471062	-0.155964795	-0.2	0.11700863	-0.314	-0.347	0.069625838	0.155576861	-0.25	0.037323183
0.276296849	0.318503535	0.000290644	0.000232019	0.017813946	0.081950967	0.084955431	0.026320485	0.197443037	0.000396193	8.30413E-05	0.444132911	0.085743299	0.005212124	0.681915592
123	123	123	123	123	123	123	123	123	123	123	123	123	123	123
-0.113149897	-0.115242115	-0.203	-0.198	-0.259	-0.197	-0.009569548	-0.150018264	0.150857152	-0.142821094	-0.292	0.146238285	0.213	-0.309	-0.027999817
0.212732786	0.204341047	0.024250705	0.028222007	0.003800292	0.028802334	0.916335994	0.097685039	0.095803069	0.115053564	0.00105233	0.106529485	0.018222829	0.000506398	0.758521729
123	123	123	123	123	123	123	123	123	123	123	123	123	123	123
-0.029548255	-0.032885218	0.057714838	0.112108213	-0.089182468	-0.052046293	0.134166813	0.049800012	0.013310821	0.097444627	-0.050406475	0.085473572	0.124602524	-0.071895667	-0.042778692
0.745611874	0.718033282	0.526027442	0.21700134	0.326622942	0.56751485	0.139010265	0.584372459	0.883824045	0.283615507	0.579798535	0.347222469	0.169703631	0.429385584	0.638491068
123	123	123	123	123	123	123	123	123	123	123	123	123	123	123
-0.109657261	-0.115978549	-0.189	-0.179	-0.256	-0.192	0.004599755	-0.138734808	0.142916152	-0.127872182	-0.286	0.143777414	0.222	-0.308	-0.028255366
0.227283829	0.201444616	0.035969721	0.048173008	0.004333114	0.033684121	0.959729411	0.12593166	0.114809487	0.158692015	0.001356407	0.112616364	0.013540036	0.000524103	0.756386431
123	123	123	123	123	123	123	123	123	123	123	123	123	123	123