-0.393	-0.345020784	-0.084893126	0.019436563	-0.340001912	-0.322704946	-0.151122042	-0.354782465	0.325277241	-0.134772551	-0.285388527	0.283515541	0.283018868	-0.036352631	-0.369
0.031853268	0.061865365	0.65557715	0.918800909	0.066012601	0.081982116	0.425362768	0.054384662	0.079436126	0.477665087	0.126336234	0.128953302	0.129653918	0.848749849	0.044549644
30	30	30	30	30	30	30	30	30	30	30	30	30	30	30
-0.5	-0.375016426	-0.111537004	-0.240642226	-0.079964858	-0.047155348	-0.527	-0.313350835	0.116485357	-0.339394052	-0.242734018	0.116886339	0.01948121	-0.088360337	-0.08654461
0.00923967	0.059062342	0.587504357	0.236336818	0.697785178	0.81906512	0.005699539	0.1190542	0.570928646	0.08984133	0.232163261	0.569594644	0.924745076	0.66775312	0.674208115
26	26	26	26	26	26	26	26	26	26	26	26	26	26	26
-0.250092724	-0.193099424	-0.179501855	-0.264398251	-0.100650765	-0.096149126	-0.3313346	-0.360586731	0.058208862	-0.331931608	-0.265823134	0.021522604	-0.1406825	-0.107548057	0.112773059
0.199301772	0.324866065	0.360725266	0.173950864	0.610325436	0.626465628	0.085004684	0.059425706	0.768590673	0.084410356	0.171556242	0.913434974	0.475199201	0.585939992	0.567755598
28	28	28	28	28	28	28	28	28	28	28	28	28	28	28
-0.392	-0.346872968	-0.072696395	0.026547997	-0.335436404	-0.320910274	-0.154372282	-0.353651316	0.327671365	-0.141872902	-0.282857908	0.285840978	0.28348436	-0.032128607	-0.341297383
0.032362473	0.060387405	0.702638439	0.889248662	0.069970342	0.083795147	0.415356602	0.055213057	0.077121485	0.454552963	0.129881569	0.125709941	0.128997205	0.866157384	0.06492196
30	30	30	30	30	30	30	30	30	30	30	30	30	30	30
-0.061178167	-0.029554023	-0.505	-0.468	0.041338369	0.036682392	-0.270570179	-0.235613046	-0.054987472	-0.350741091	-0.397	-0.073316629	0.121516261	0.031675613	-0.136544758
0.748097293	0.876798166	0.004427768	0.00913025	0.828293195	0.847393699	0.148138918	0.210057887	0.772887836	0.057390072	0.029758683	0.700217271	0.522388419	0.868028005	0.471840217
30	30	30	30	30	30	30	30	30	30	30	30	30	30	30
-0.213811306	-0.194051466	-0.48	-0.391	-0.108261634	-0.114831318	-0.29520388	-0.369	0.113405875	-0.428	-0.495	0.072903777	0.300737404	0.036085733	-0.16091954
0.256579996	0.304180625	0.00727798	0.032778304	0.569047351	0.545686813	0.113257276	0.04505449	0.550716983	0.018200326	0.005368697	0.701828579	0.106343312	0.849847785	0.395604682
30	30	30	30	30	30	30	30	30	30	30	30	30	30	30
														
														
30	30	30	30	30	30	30	30	30	30	30	30	30	30	30
-0.213811306	-0.194051466	-0.48	-0.391	-0.108261634	-0.114831318	-0.29520388	-0.369	0.113405875	-0.428	-0.495	0.072903777	0.300737404	0.036085733	-0.16091954
0.256579996	0.304180625	0.00727798	0.032778304	0.569047351	0.545686813	0.113257276	0.04505449	0.550716983	0.018200326	0.005368697	0.701828579	0.106343312	0.849847785	0.395604682
30	30	30	30	30	30	30	30	30	30	30	30	30	30	30