-0.083269342	0.109139889	-0.016894696	0.010476474	0.134316811	0.15927603	-0.164776239	-0.027092211	-0.103075096	-0.099175812	0.022296029	-0.103075096	0.256878526	-0.090122786	0.01852492
0.661773184	0.565898479	0.929391707	0.956182167	0.479168991	0.400511697	0.384225522	0.886992609	0.587802292	0.60207769	0.906903163	0.587802292	0.170587022	0.635775336	0.922597835
30	30	30	30	30	30	30	30	30	30	30	30	30	30	30
-0.039611476	0.19986938	-0.095381333	-0.095143177	0.273222778	0.296902154	-0.265449729	0.006907381	-0.237296006	-0.207360125	0.034244218	-0.237296006	0.150566199	-0.100229038	0.08531967
0.835366945	0.28962514	0.6161093	0.616994489	0.14404913	0.111100688	0.156269539	0.971102125	0.206724496	0.271548923	0.857430593	0.206724496	0.427087199	0.598207255	0.653953235
30	30	30	30	30	30	30	30	30	30	30	30	30	30	30
														
														
30	30	30	30	30	30	30	30	30	30	30	30	30	30	30
-0.025035443	0.090117486	-0.194892203	-0.187141749	0.086370422	0.114653191	-0.152743646	-0.040314002	-0.065376975	-0.118572329	-0.008479133	-0.065376975	0.408	-0.075859275	-0.072740232
0.895523392	0.635795282	0.302049354	0.322053151	0.649959475	0.546314216	0.420353979	0.832487684	0.731420629	0.532588779	0.964530224	0.731420629	0.025183152	0.69032199	0.702467223
30	30	30	30	30	30	30	30	30	30	30	30	30	30	30
-0.139467639	-0.161175447	-0.14630094	-0.255106729	0.209705701	0.210077103	-0.021494858	0.118103096	-0.199611014	0.032231492	0.16108558	-0.199611014	0.345216987	-0.075097959	-0.053701181
0.462314772	0.394843726	0.44044703	0.173658827	0.266042376	0.265177173	0.910234818	0.534223372	0.290261956	0.865732624	0.395110855	0.290261956	0.061707478	0.693279666	0.778067271
30	30	30	30	30	30	30	30	30	30	30	30	30	30	30
-0.025035443	0.090117486	-0.194892203	-0.187141749	0.086370422	0.114653191	-0.152743646	-0.040314002	-0.065376975	-0.118572329	-0.008479133	-0.065376975	0.408	-0.075859275	-0.072740232
0.895523392	0.635795282	0.302049354	0.322053151	0.649959475	0.546314216	0.420353979	0.832487684	0.731420629	0.532588779	0.964530224	0.731420629	0.025183152	0.69032199	0.702467223
30	30	30	30	30	30	30	30	30	30	30	30	30	30	30
0.037549861	0.119780453	-0.03696151	-0.057953687	0.301638563	0.302172783	-0.221063606	0.043241749	-0.287118468	-0.080359852	0.121000911	-0.287118468	0.091648415	0.130138558	-0.028579997
0.843828264	0.52839128	0.846246153	0.760980675	0.105247971	0.104602643	0.240411215	0.820511757	0.123953954	0.672929933	0.524167166	0.123953954	0.630043932	0.493070008	0.88082942
30	30	30	30	30	30	30	30	30	30	30	30	30	30	30
-0.066856367	0.089109303	-0.082000533	-0.065221377	0.174598254	0.201408612	-0.170530436	0.004117446	-0.151504725	-0.110215393	0.052509139	-0.151504725	0.328520522	-0.088456116	-0.031920879
0.725572861	0.639594191	0.666630016	0.732036545	0.356114384	0.285849709	0.36760448	0.982771865	0.424177782	0.562053203	0.782875534	0.424177782	0.076313118	0.642060237	0.867015104
30	30	30	30	30	30	30	30	30	30	30	30	30	30	30