-0.158	-0.162	0.080	0.106	-0.158	-0.146	-0.005	-0.106	0.114	-0.005	-0.099	0.133	0.086	-0.144	-0.116
0.000	0.000	0.062	0.013	0.000	0.001	0.899	0.013	0.008	0.908	0.020	0.002	0.045	0.001	0.007
546	546	546	546	546	546	546	546	546	546	546	546	542	542	538
-0.209	-0.204	-0.123	-0.067	-0.092	-0.087	-0.258	-0.243	0.050	-0.266	-0.268	0.039	0.117	-0.041	-0.083
0.000	0.000	0.006	0.133	0.040	0.052	0.000	0.000	0.265	0.000	0.000	0.388	0.009	0.363	0.067
498	498	498	498	498	498	498	498	498	498	498	498	494	494	490
-0.048	-0.053	-0.107	-0.091	-0.081	-0.060	-0.075	-0.106	0.050	-0.112	-0.139	0.059	-0.021	0.027	-0.040
0.279	0.237	0.016	0.040	0.069	0.177	0.093	0.017	0.260	0.012	0.002	0.185	0.643	0.540	0.376
507	507	507	507	507	507	507	507	507	507	507	507	503	503	499
-0.153	-0.161	0.071	0.097	-0.119	-0.129	0.026	-0.079	0.140	0.000	-0.087	0.144	0.130	-0.135	-0.102
0.000	0.000	0.087	0.019	0.004	0.002	0.528	0.056	0.001	0.992	0.035	0.000	0.002	0.001	0.014
585	585	585	585	585	585	585	585	585	585	585	585	581	581	577
-0.122	-0.166	-0.263	-0.138	-0.158	-0.139	-0.117	-0.191	0.102	-0.294	-0.317	0.025	0.213	-0.125	-0.057
0.003	0.000	0.000	0.001	0.000	0.001	0.005	0.000	0.013	0.000	0.000	0.553	0.000	0.002	0.168
585	585	585	585	585	585	585	585	585	585	585	585	581	581	577
-0.178	-0.222	-0.172	-0.051	-0.193	-0.171	-0.097	-0.204	0.144	-0.247	-0.308	0.088	0.244	-0.159	-0.109
0.000	0.000	0.000	0.219	0.000	0.000	0.019	0.000	0.000	0.000	0.000	0.034	0.000	0.000	0.009
585	585	585	585	585	585	585	585	585	585	585	585	581	581	577
-0.088	-0.102	0.069	0.095	-0.069	-0.066	0.010	-0.027	0.067	0.009	-0.051	0.080	0.052	-0.069	-0.074
0.034	0.014	0.096	0.021	0.093	0.109	0.805	0.515	0.106	0.823	0.221	0.054	0.207	0.094	0.075
585	585	585	585	585	585	585	585	585	585	585	585	581	581	577
-0.174	-0.221	-0.156	-0.042	-0.188	-0.167	-0.096	-0.198	0.139	-0.236	-0.297	0.088	0.240	-0.159	-0.118
0.000	0.000	0.000	0.312	0.000	0.000	0.020	0.000	0.001	0.000	0.000	0.034	0.000	0.000	0.005
585	585	585	585	585	585	585	585	585	585	585	585	581	581	577