-0.061084981	-0.096636076	0.246215607	0.222724911	-0.163477345	-0.150604526	0.263630162	0.167424642	0.256865055	0.275538727	0.167424642	0.252858251	-0.275487413	-0.207233509	0.242893315
0.771771014	0.645859782	0.235454777	0.284562796	0.434911767	0.472396524	0.202898968	0.423747932	0.215160941	0.182486073	0.423747932	0.222653481	0.182570861	0.320240183	0.242035942
25	25	25	25	25	25	25	25	25	25	25	25	25	25	25
-0.484	-0.428	0.203317775	0.079269008	-0.270292644	-0.311665094	-0.153161239	-0.27175821	0.316056829	-0.104957046	-0.14372315	0.274947511	-0.173369193	-0.44	-0.042954508
0.019182057	0.041731072	0.352127222	0.719200798	0.212263352	0.147704812	0.485360563	0.209698158	0.141780219	0.633642733	0.512954732	0.20418798	0.42888519	0.035424585	0.845703076
23	23	23	23	23	23	23	23	23	23	23	23	23	23	23
0.260164393	-0.006733381	-0.321574435	-0.26964073	0.295523303	0.120840421	-0.175198	-0.13993933	-0.091450281	-0.252065375	-0.107760767	-0.295523303	0.46	0.128618776	0.135305153
0.230564519	0.975675028	0.134578998	0.213411121	0.170983066	0.582846703	0.423955882	0.524225868	0.678146611	0.245924944	0.624550381	0.170983066	0.027382002	0.558632942	0.538188183
23	23	23	23	23	23	23	23	23	23	23	23	23	23	23
-0.145713302	-0.217100005	0.4	0.351646592	-0.201361876	-0.203601571	0.416	0.216062578	0.357	0.43	0.288630164	0.345382958	-0.223207901	-0.205632202	0.333040931
0.434128846	0.240737611	0.025869654	0.052392718	0.277374	0.271952204	0.019988244	0.243047957	0.048602658	0.015644538	0.11532327	0.057038294	0.227432758	0.267096315	0.067137258
31	31	31	31	31	31	31	31	31	31	31	31	31	31	31
-0.203088697	-0.304755956	-0.406	-0.352190241	-0.122164228	-0.17284047	-0.439	-0.51	0.016796511	-0.495	-0.492	-0.042821694	0.42	-0.112768621	-0.401
0.273187645	0.095513844	0.023538855	0.052004078	0.512667878	0.352468035	0.013378895	0.003376135	0.928539866	0.004609552	0.004969319	0.819080264	0.01870921	0.545844297	0.025461572
31	31	31	31	31	31	31	31	31	31	31	31	31	31	31
-0.233682247	-0.382	-0.154077116	-0.14460574	-0.234435972	-0.274773354	-0.175838688	-0.359	0.203468103	-0.209353339	-0.293028002	0.153839944	0.258490031	-0.191293718	-0.195151177
0.205790674	0.034121072	0.407913824	0.437668028	0.204290021	0.134661462	0.344048409	0.047209848	0.272273362	0.258345321	0.109641103	0.408644651	0.160300091	0.302602383	0.292771049
31	31	31	31	31	31	31	31	31	31	31	31	31	31	31
0.061237244	0.102103252	-0.031745903	-0.1505149	0.131287727	0.139759385	0.051134234	0.153278639	-0.131251545	0.153170331	0.194015753	-0.122929374	-0.106161037	0.296039702	0.26597879
0.743478361	0.584683036	0.865377712	0.418967974	0.48143498	0.453337912	0.784713063	0.410377206	0.481556874	0.41071199	0.295643511	0.510010682	0.569763452	0.105872558	0.14810685
31	31	31	31	31	31	31	31	31	31	31	31	31	31	31
-0.233904379	-0.374	-0.163404655	-0.16262296	-0.214823877	-0.25525532	-0.176061269	-0.345165746	0.186588171	-0.203797253	-0.278582177	0.136181794	0.254446612	-0.169076097	-0.172218409
0.205347628	0.038019029	0.379761449	0.382076313	0.245825813	0.165783132	0.343428246	0.057205029	0.314873313	0.271481791	0.129124496	0.465095019	0.167174572	0.363212312	0.354230251
31	31	31	31	31	31	31	31	31	31	31	31	31	31	31