-0.165	-0.168	0.075	0.130	-0.164	-0.104	-0.033	-0.070	0.051	-0.031	-0.126	0.108	0.156	-0.076	-0.094
0.011	0.010	0.250	0.045	0.011	0.109	0.615	0.280	0.430	0.635	0.052	0.098	0.016	0.246	0.149
237	237	237	237	237	237	237	237	237	237	237	237	237	237	237
-0.270	-0.257	-0.094	0.001	-0.092	-0.085	-0.271	-0.259	0.005	-0.280	-0.303	0.017	0.172	-0.067	-0.208
0.000	0.000	0.166	0.986	0.174	0.212	0.000	0.000	0.942	0.000	0.000	0.800	0.011	0.327	0.002
219	219	219	219	219	219	219	219	219	219	219	219	219	219	219
-0.141	-0.144	-0.121	-0.142	-0.195	-0.191	-0.100	-0.224	0.146	-0.105	-0.222	0.158	0.049	-0.044	-0.237
0.035	0.032	0.071	0.035	0.003	0.004	0.139	0.001	0.029	0.118	0.001	0.018	0.464	0.515	0.000
222	222	222	222	222	222	222	222	222	222	222	222	222	222	222
-0.127	-0.134	-0.002	0.053	-0.114	-0.099	-0.018	-0.084	0.083	-0.067	-0.163	0.111	0.218	-0.065	-0.129
0.042	0.033	0.969	0.396	0.068	0.114	0.774	0.180	0.186	0.285	0.009	0.076	0.000	0.305	0.039
255	255	255	255	255	255	255	255	255	255	255	255	255	255	255
-0.154	-0.148	-0.247	-0.159	-0.184	-0.168	-0.044	-0.162	0.146	-0.247	-0.292	0.066	0.176	-0.149	-0.068
0.014	0.018	0.000	0.011	0.003	0.007	0.488	0.010	0.020	0.000	0.000	0.297	0.005	0.017	0.278
255	255	255	255	255	255	255	255	255	255	255	255	255	255	255
-0.189	-0.196	-0.170	-0.056	-0.210	-0.176	-0.073	-0.184	0.147	-0.231	-0.309	0.105	0.257	-0.148	-0.149
0.002	0.002	0.007	0.374	0.001	0.005	0.243	0.003	0.019	0.000	0.000	0.094	0.000	0.018	0.017
255	255	255	255	255	255	255	255	255	255	255	255	255	255	255
-0.038	-0.041	0.020	0.083	-0.048	0.001	-0.014	-0.001	-0.030	-0.042	-0.100	0.034	0.156	0.058	-0.028
0.546	0.515	0.745	0.188	0.448	0.981	0.826	0.992	0.630	0.504	0.113	0.584	0.013	0.360	0.660
255	255	255	255	255	255	255	255	255	255	255	255	255	255	255
-0.187	-0.195	-0.154	-0.042	-0.199	-0.161	-0.074	-0.173	0.130	-0.222	-0.298	0.096	0.262	-0.145	-0.146
0.003	0.002	0.014	0.501	0.001	0.010	0.241	0.006	0.037	0.000	0.000	0.127	0.000	0.021	0.020
255	255	255	255	255	255	255	255	255	255	255	255	255	255	255