-0.057745098	-0.062799653	-0.120188285	-0.159019773	-0.111666426	-0.132438363	-0.113928655	-0.21	0.03195359	-0.009254372	-0.116769715	0.027298983	0.035398347	-0.18269151	-0.115628849
0.554656167	0.520477541	0.217534621	0.101835183	0.252165711	0.173874028	0.24262363	0.029790063	0.743870819	0.924628095	0.230998507	0.78015414	0.722603934	0.064737621	0.244793427
107	107	107	107	107	107	107	107	107	107	107	107	103	103	103
-0.171896988	-0.104953681	0.063640969	0.192350917	-0.088296522	-0.080702763	0.019539625	-0.04611573	0.153389864	-0.02917647	-0.08278706	0.123009778	-0.096817971	-0.173101475	0.087792035
0.097588199	0.31406338	0.542269554	0.063262307	0.397403828	0.439382901	0.851718047	0.658951496	0.139938035	0.780129002	0.427618228	0.237539683	0.363988227	0.102769745	0.410612332
94	94	94	94	94	94	94	94	94	94	94	94	90	90	90
-0.051913694	-0.089502838	-0.081734402	-0.069785152	-0.027843525	-0.021515971	-0.077675869	-0.090124647	0.066434242	-0.128382263	-0.171411517	0.098069691	-0.168040935	0.058390338	0.144769361
0.619243488	0.390961435	0.433537184	0.503907084	0.789936807	0.83691764	0.456789093	0.387665141	0.524653117	0.217512947	0.098552735	0.347028673	0.113382189	0.584610333	0.173390977
94	94	94	94	94	94	94	94	94	94	94	94	90	90	90
-0.015358692	-0.039602329	-0.02858515	-0.080279618	0.01646181	-0.018371414	-0.061061291	-0.04704052	0.051623109	0.037215464	0.037403778	0.025184931	0.082513288	-0.081650418	0.098776953
0.867767551	0.66759611	0.756621475	0.383414478	0.858365913	0.842138288	0.507644254	0.609916944	0.575508551	0.686545332	0.685043038	0.784820379	0.378548504	0.383571613	0.291461259
120	120	120	120	120	120	120	120	120	120	120	120	116	116	116
-0.141489091	-0.256	-0.231	-0.127056427	-0.098360501	-0.061683555	-0.149846195	-0.169861742	0.058292143	-0.279	-0.297	0.040532761	0.335	-0.221	-0.014176166
0.123200506	0.004810692	0.010963058	0.166702698	0.285159108	0.503320315	0.10235578	0.06362928	0.527117185	0.002052299	0.00096801	0.660264946	0.00023341	0.017152847	0.879947264
120	120	120	120	120	120	120	120	120	120	120	120	116	116	116
-0.132162347	-0.225	-0.225	-0.150006584	-0.072203427	-0.039600044	-0.133002041	-0.154467476	0.047091271	-0.233	-0.255	0.032598317	0.312	-0.208	-0.009706897
0.150169677	0.013614018	0.013406808	0.101984693	0.433219837	0.66761415	0.147573281	0.09208095	0.60953098	0.010293862	0.004900573	0.723748906	0.000657392	0.024784723	0.917632255
120	120	120	120	120	120	120	120	120	120	120	120	116	116	116
-0.119821237	-0.103069314	-0.010135841	0.01287813	-0.136431236	-0.167543808	-0.031291063	-0.084264175	0.216	0.031129481	-0.040812387	0.182	-0.10235388	-0.176691307	0.031876642
0.192390815	0.262613065	0.91250992	0.888974441	0.137320634	0.067385862	0.734405058	0.360173338	0.018035145	0.735725761	0.658067926	0.046374442	0.274252948	0.057778945	0.734089818
120	120	120	120	120	120	120	120	120	120	120	120	116	116	116
-0.117939719	-0.218	-0.21	-0.145989912	-0.082674997	-0.054289967	-0.125135894	-0.158239455	0.063433085	-0.208	-0.245	0.04954741	0.279	-0.22	-0.027846928
0.1995185	0.01678919	0.02110088	0.111601269	0.369335997	0.555910567	0.173258996	0.084315748	0.491266995	0.022445359	0.007074837	0.590981772	0.002448283	0.0174042	0.766672574
120	120	120	120	120	120	120	120	120	120	120	120	116	116	116