-0.191	-0.148099243	0.102057686	0.130630629	-0.142557013	-0.206	0.14964401	-0.079454177	0.223	0.079053693	-0.020022589	0.17839255	-0.050520355	-0.294	-0.090687186
0.040389629	0.112611021	0.275651333	0.162204612	0.126868897	0.026489057	0.10886786	0.396537298	0.016310151	0.398929411	0.831065017	0.055373086	0.590181978	0.001350968	0.341636146
116	116	116	116	116	116	116	116	116	116	116	116	116	116	112
-0.301	-0.257	-0.130343272	-0.082708446	-0.174043187	-0.190218243	-0.012458138	-0.195	0.168992714	-0.149685091	-0.237	0.100660774	0.198	-0.354	-0.060628272
0.001748941	0.007789791	0.182944459	0.399293103	0.074377842	0.050811648	0.899139483	0.045631815	0.083320733	0.125652908	0.014261763	0.304567199	0.042341533	0.000196283	0.54496224
106	106	106	106	106	106	106	106	106	106	106	106	106	106	102
0.076852918	0.123221814	-0.060241977	0.045099034	-0.039653102	0.080294355	0.088486026	0.143911414	-0.072708039	-0.055878384	-0.046642906	-0.050459124	-0.062542355	0.020515444	0.112929302
0.424862591	0.199670248	0.53185704	0.639900816	0.680855345	0.40435893	0.357963509	0.133631772	0.450334781	0.56203876	0.628478057	0.600620854	0.51627865	0.831535846	0.249081236
110	110	110	110	110	110	110	110	110	110	110	110	110	110	106
-0.207	-0.162012686	0.055778434	0.061777866	-0.139228571	-0.194	0.098983133	-0.109553125	0.201	0.033174064	-0.060462028	0.180169482	0.037260058	-0.23	-0.077744584
0.024393329	0.079640995	0.548555421	0.506325044	0.132673273	0.035269508	0.286239539	0.237625952	0.028986779	0.721372839	0.515440642	0.050900827	0.688730584	0.012222279	0.410973115
118	118	118	118	118	118	118	118	118	118	118	118	118	118	114
-0.132113036	-0.187	-0.243	-0.034954127	-0.233	-0.178768849	0.117483635	-0.094865792	0.140924477	-0.288	-0.342	0.009330898	0.105881194	-0.212	0.10986395
0.153840374	0.042702076	0.007957346	0.70708648	0.01111893	0.05275912	0.205153054	0.306855224	0.127973364	0.001557032	0.00015032	0.920119909	0.253815237	0.021046071	0.244576122
118	118	118	118	118	118	118	118	118	118	118	118	118	118	114
-0.211	-0.23	-0.17165561	-0.005942751	-0.27	-0.243	0.142859359	-0.116742343	0.202	-0.186	-0.294	0.089552217	0.110610436	-0.289	0.057634743
0.021674645	0.012399969	0.063079841	0.949075202	0.00307045	0.008016284	0.122768418	0.208046066	0.027964595	0.044282033	0.001221223	0.334860516	0.233100876	0.001492491	0.542461125
118	118	118	118	118	118	118	118	118	118	118	118	118	118	114
-0.114651424	-0.149049521	0.081583976	0.074799169	-0.071913464	-0.137094009	0.090171835	-0.087268372	0.158716593	0.084840963	-0.007488826	0.115242433	-0.102831136	-0.19	-0.086273872
0.216363234	0.107208421	0.379802653	0.420816211	0.439009422	0.138774993	0.331513588	0.347381703	0.086043269	0.361007833	0.935851837	0.213988758	0.267826658	0.039147572	0.36139801
118	118	118	118	118	118	118	118	118	118	118	118	118	118	114
-0.207	-0.229	-0.156901974	-0.001957506	-0.259	-0.238	0.14427619	-0.111289978	0.202	-0.165110035	-0.271	0.088806886	0.095474471	-0.294	0.042051495
0.024199856	0.012787601	0.089739318	0.983215652	0.004703728	0.009600019	0.119061723	0.230224613	0.028022679	0.073978627	0.002941815	0.338914856	0.303747896	0.001236752	0.656872269
118	118	118	118	118	118	118	118	118	118	118	118	118	118	114