-0.075	-0.094	0.046	0.060	-0.143	-0.135	-0.043	-0.090	0.121	-0.045	-0.107	0.133	0.095	-0.098	-0.107
0.080	0.029	0.285	0.165	0.001	0.002	0.313	0.035	0.005	0.296	0.013	0.002	0.027	0.023	0.013
541	537	545	545	545	545	545	545	545	545	545	545	541	541	541
-0.045	-0.142	-0.124	-0.061	-0.188	-0.155	-0.204	-0.170	0.027	-0.228	-0.220	-0.010	0.131	-0.003	-0.051
0.316	0.002	0.006	0.176	0.000	0.001	0.000	0.000	0.551	0.000	0.000	0.827	0.004	0.956	0.260
494	491	498	498	498	498	498	498	498	498	498	498	494	494	494
-0.028	-0.046	-0.106	-0.077	-0.150	-0.138	-0.105	-0.126	0.039	-0.133	-0.147	0.022	0.030	0.035	-0.051
0.527	0.305	0.017	0.083	0.001	0.002	0.018	0.005	0.379	0.003	0.001	0.619	0.498	0.431	0.249
503	500	507	507	507	507	507	507	507	507	507	507	503	503	503
-0.112	-0.102	0.035	0.047	-0.120	-0.127	-0.040	-0.089	0.146	-0.045	-0.102	0.141	0.093	-0.105	-0.101
0.007	0.014	0.392	0.260	0.004	0.002	0.337	0.031	0.000	0.281	0.014	0.001	0.024	0.011	0.015
581	577	585	585	585	585	585	585	585	585	585	585	581	581	581
-0.064	-0.129	-0.266	-0.161	-0.241	-0.201	-0.196	-0.209	0.092	-0.312	-0.307	-0.006	0.182	-0.083	-0.067
0.120	0.002	0.000	0.000	0.000	0.000	0.000	0.000	0.027	0.000	0.000	0.876	0.000	0.046	0.107
581	577	585	585	585	585	585	585	585	585	585	585	581	581	581
-0.096	-0.152	-0.191	-0.085	-0.258	-0.226	-0.165	-0.207	0.149	-0.280	-0.305	0.066	0.200	-0.103	-0.117
0.021	0.000	0.000	0.039	0.000	0.000	0.000	0.000	0.000	0.000	0.000	0.111	0.000	0.013	0.005
581	577	585	585	585	585	585	585	585	585	585	585	581	581	581
-0.066	-0.066	0.042	0.074	-0.088	-0.082	-0.028	-0.031	0.080	-0.038	-0.066	0.067	0.087	-0.062	-0.084
0.114	0.112	0.307	0.074	0.033	0.048	0.495	0.453	0.053	0.356	0.110	0.105	0.036	0.135	0.042
581	577	585	585	585	585	585	585	585	585	585	585	581	581	581
-0.090	-0.153	-0.171	-0.070	-0.249	-0.220	-0.156	-0.195	0.145	-0.265	-0.291	0.066	0.206	-0.106	-0.123
0.030	0.000	0.000	0.090	0.000	0.000	0.000	0.000	0.000	0.000	0.000	0.109	0.000	0.010	0.003
581	577	585	585	585	585	585	585	585	585	585	585	581	581	581