0.062	0.040	0.011	-0.035	-0.180	-0.147	-0.010	-0.010	0.111	0.003	-0.053	0.169	-0.004	-0.095	-0.046
0.519	0.680	0.908	0.716	0.061	0.126	0.915	0.914	0.249	0.975	0.583	0.079	0.969	0.327	0.635
109	109	109	109	109	109	109	109	109	109	109	109	109	109	109
-0.011	-0.028	-0.144	-0.24	-0.216	-0.206	-0.145	-0.120	0.011	-0.141	-0.140	0.027	-0.003	-0.189	-0.069
0.914	0.788	0.158	0.018	0.034	0.042	0.158	0.242	0.914	0.169	0.173	0.793	0.975	0.064	0.504
97	97	97	97	97	97	97	97	97	97	97	97	97	97	97
0.001	0.020	-0.091	-0.197	-0.119	-0.084	-0.166	-0.145	0.101	-0.055	-0.168	0.116	0.182	-0.059	-0.170
0.996	0.848	0.374	0.052	0.243	0.412	0.103	0.154	0.321	0.588	0.097	0.255	0.072	0.561	0.094
98	98	98	98	98	98	98	98	98	98	98	98	98	98	98
0.026	0.044	-0.059	-0.100	-0.219	-0.184	-0.026	-0.065	0.140	-0.044	-0.134	0.185	0.028	-0.089	-0.106
0.778	0.625	0.517	0.271	0.015	0.041	0.779	0.477	0.122	0.629	0.141	0.040	0.755	0.329	0.243
123	123	123	123	123	123	123	123	123	123	123	123	123	123	123
0.002	0.009	-0.368	-0.422	-0.148	-0.130	-0.229	-0.183	0.028	-0.297	-0.282	-0.062	0.067	-0.166	0.048
0.984	0.921	0.000	0.000	0.102	0.152	0.011	0.043	0.762	0.001	0.002	0.499	0.462	0.067	0.601
123	123	123	123	123	123	123	123	123	123	123	123	123	123	123
0.017	0.031	-0.272	-0.324	-0.206	-0.188	-0.168	-0.152	0.093	-0.222	-0.245	0.040	0.066	-0.176	0.001
0.849	0.735	0.002	0.000	0.022	0.037	0.063	0.094	0.305	0.014	0.006	0.659	0.470	0.052	0.988
123	123	123	123	123	123	123	123	123	123	123	123	123	123	123
0.061	0.075	-0.028	-0.004	-0.178	-0.095	0.049	0.043	0.036	-0.033	-0.079	0.087	0.021	0.054	-0.042
0.502	0.410	0.756	0.964	0.048	0.294	0.591	0.638	0.695	0.716	0.388	0.340	0.816	0.552	0.642
123	123	123	123	123	123	123	123	123	123	123	123	123	123	123
0.024	0.035	-0.26	-0.304	-0.212	-0.185	-0.149	-0.135	0.092	-0.213	-0.242	0.046	0.076	-0.168	0.001
0.793	0.701	0.004	0.001	0.019	0.040	0.101	0.137	0.311	0.018	0.007	0.612	0.403	0.064	0.991
123	123	123	123	123	123	123	123	123	123	123	123	123	123	123