-0.098	-0.080	0.034	0.028	-0.106	-0.131	-0.046	-0.102	0.146	-0.025	-0.077	0.136	0.018	-0.158	-0.135
0.086	0.167	0.548	0.629	0.062	0.021	0.419	0.073	0.010	0.661	0.176	0.017	0.760	0.006	0.018
305	304	309	309	309	309	309	309	309	309	309	309	305	305	305
0.003	-0.166	-0.074	-0.013	-0.166	-0.133	-0.129	-0.127	0.058	-0.172	-0.184	0.019	0.131	0.032	0.018
0.961	0.006	0.219	0.826	0.005	0.027	0.032	0.035	0.330	0.004	0.002	0.746	0.030	0.597	0.763
275	274	279	279	279	279	279	279	279	279	279	279	275	275	275
0.012	-0.055	-0.074	-0.044	-0.106	-0.092	-0.059	-0.062	-0.013	-0.115	-0.117	-0.030	0.033	0.088	0.041
0.835	0.356	0.211	0.464	0.074	0.121	0.324	0.293	0.832	0.052	0.049	0.617	0.581	0.139	0.489
281	280	285	285	285	285	285	285	285	285	285	285	281	281	281
-0.138	-0.071	0.083	0.057	-0.048	-0.094	-0.024	-0.070	0.170	0.023	-0.017	0.167	-0.043	-0.159	-0.078
0.012	0.200	0.131	0.304	0.383	0.087	0.658	0.204	0.002	0.682	0.757	0.002	0.438	0.004	0.161
326	325	330	330	330	330	330	330	330	330	330	330	326	326	326
-0.061	-0.198	-0.231	-0.125	-0.275	-0.212	-0.187	-0.194	0.116	-0.311	-0.315	0.001	0.228	-0.077	-0.097
0.276	0.000	0.000	0.023	0.000	0.000	0.001	0.000	0.036	0.000	0.000	0.986	0.000	0.164	0.081
326	325	330	330	330	330	330	330	330	330	330	330	326	326	326
-0.103	-0.188	-0.167	-0.087	-0.264	-0.228	-0.160	-0.198	0.181	-0.260	-0.288	0.082	0.171	-0.122	-0.119
0.064	0.001	0.002	0.113	0.000	0.000	0.004	0.000	0.001	0.000	0.000	0.136	0.002	0.027	0.032
326	325	330	330	330	330	330	330	330	330	330	330	326	326	326
-0.086	-0.070	0.063	0.043	-0.024	-0.074	-0.037	-0.045	0.138	0.016	-0.009	0.124	-0.023	-0.180	-0.080
0.120	0.211	0.250	0.436	0.660	0.183	0.503	0.417	0.012	0.776	0.865	0.024	0.676	0.001	0.150
326	325	330	330	330	330	330	330	330	330	330	330	326	326	326
-0.090	-0.186	-0.151	-0.080	-0.253	-0.222	-0.153	-0.191	0.183	-0.242	-0.274	0.088	0.175	-0.128	-0.128
0.106	0.001	0.006	0.147	0.000	0.000	0.005	0.000	0.001	0.000	0.000	0.109	0.001	0.021	0.020
326	325	330	330	330	330	330	330	330	330	330	330	326	326	326