-0.133	0.030	0.037	0.039	-0.063	-0.118	-0.012	-0.059	0.157	-0.011	-0.034	0.125	-0.087	-0.26	-0.062
0.154	0.747	0.690	0.675	0.504	0.207	0.897	0.530	0.093	0.905	0.714	0.183	0.356	0.005	0.509
116	115	116	116	116	116	116	116	116	116	116	116	116	116	116
-0.235	-0.173	-0.239	-0.221	-0.274	-0.306	-0.267	-0.278	0.153	-0.289	-0.282	0.067	-0.025	-0.263	-0.043
0.015	0.078	0.013	0.023	0.005	0.001	0.006	0.004	0.117	0.003	0.003	0.492	0.799	0.006	0.662
106	105	106	106	106	106	106	106	106	106	106	106	106	106	106
-0.029	0.033	-0.151	-0.102	-0.143	-0.093	-0.084	-0.032	-0.103	-0.165	-0.129	-0.108	0.043	0.023	0.100
0.762	0.737	0.115	0.290	0.136	0.334	0.380	0.736	0.286	0.084	0.178	0.261	0.659	0.811	0.301
110	109	110	110	110	110	110	110	110	110	110	110	110	110	110
-0.156	-0.002	0.007	-0.002	-0.072	-0.126	-0.041	-0.075	0.137	-0.026	-0.047	0.119	-0.144	-0.205	-0.051
0.091	0.981	0.940	0.986	0.436	0.174	0.659	0.422	0.141	0.779	0.616	0.198	0.121	0.026	0.587
118	117	118	118	118	118	118	118	118	118	118	118	118	118	118
-0.221	-0.212	-0.299	-0.251	-0.313	-0.234	-0.205	-0.164	0.036	-0.324	-0.304	-0.068	0.104	-0.159	0.073
0.016	0.022	0.001	0.006	0.001	0.011	0.026	0.076	0.696	0.000	0.001	0.467	0.264	0.086	0.434
118	117	118	118	118	118	118	118	118	118	118	118	118	118	118
-0.237	-0.130	-0.264	-0.216	-0.31	-0.268	-0.177	-0.180	0.118	-0.286	-0.287	0.010	0.011	-0.227	0.014
0.010	0.163	0.004	0.019	0.001	0.003	0.056	0.051	0.202	0.002	0.002	0.910	0.904	0.014	0.877
118	117	118	118	118	118	118	118	118	118	118	118	118	118	118
-0.103	-0.030	0.054	0.024	0.018	-0.035	-0.044	-0.029	0.072	0.030	0.018	0.075	-0.071	-0.261	-0.039
0.265	0.745	0.560	0.794	0.844	0.709	0.633	0.757	0.439	0.751	0.850	0.421	0.442	0.004	0.672
118	117	118	118	118	118	118	118	118	118	118	118	118	118	118
-0.226	-0.121	-0.247	-0.204	-0.287	-0.251	-0.171	-0.169	0.114	-0.27	-0.268	0.009	0.010	-0.242	0.004
0.014	0.196	0.007	0.027	0.002	0.006	0.064	0.068	0.219	0.003	0.003	0.927	0.917	0.008	0.963
118	117	118	118	118	118	118	118	118	118	118	118	118	118	118