-0.010	-0.086	0.045	0.072	-0.185	-0.139	-0.046	-0.074	0.064	-0.064	-0.136	0.114	0.159	-0.008	-0.066
0.881	0.191	0.496	0.269	0.004	0.033	0.484	0.256	0.331	0.329	0.036	0.082	0.015	0.904	0.311
236	233	236	236	236	236	236	236	236	236	236	236	236	236	236
-0.124	-0.184	-0.140	-0.061	-0.210	-0.171	-0.264	-0.220	0.004	-0.289	-0.279	-0.018	0.177	-0.047	-0.158
0.068	0.006	0.039	0.372	0.002	0.011	0.000	0.001	0.956	0.000	0.000	0.789	0.009	0.489	0.020
219	217	219	219	219	219	219	219	219	219	219	219	219	219	219
-0.147	-0.099	-0.121	-0.094	-0.202	-0.187	-0.162	-0.220	0.147	-0.169	-0.224	0.129	0.086	-0.062	-0.222
0.028	0.144	0.072	0.164	0.002	0.005	0.016	0.001	0.029	0.012	0.001	0.055	0.204	0.357	0.001
222	220	222	222	222	222	222	222	222	222	222	222	222	222	222
-0.024	-0.091	-0.044	-0.008	-0.191	-0.159	-0.065	-0.107	0.088	-0.119	-0.187	0.093	0.194	-0.014	-0.096
0.699	0.150	0.487	0.902	0.002	0.011	0.298	0.087	0.160	0.057	0.003	0.138	0.002	0.829	0.128
255	252	255	255	255	255	255	255	255	255	255	255	255	255	255
-0.108	-0.094	-0.291	-0.208	-0.200	-0.185	-0.201	-0.236	0.106	-0.319	-0.321	0.004	0.160	-0.122	-0.073
0.085	0.136	0.000	0.001	0.001	0.003	0.001	0.000	0.090	0.000	0.000	0.954	0.011	0.052	0.245
255	252	255	255	255	255	255	255	255	255	255	255	255	255	255
-0.085	-0.120	-0.220	-0.109	-0.252	-0.223	-0.171	-0.219	0.126	-0.306	-0.335	0.047	0.238	-0.086	-0.132
0.176	0.056	0.000	0.081	0.000	0.000	0.006	0.000	0.045	0.000	0.000	0.452	0.000	0.173	0.035
255	252	255	255	255	255	255	255	255	255	255	255	255	255	255
0.013	-0.005	0.003	0.076	-0.150	-0.093	-0.026	-0.009	-0.014	-0.096	-0.111	-0.013	0.171	0.103	-0.057
0.836	0.931	0.956	0.229	0.016	0.138	0.685	0.887	0.818	0.127	0.077	0.834	0.006	0.102	0.363
255	252	255	255	255	255	255	255	255	255	255	255	255	255	255
-0.084	-0.121	-0.200	-0.088	-0.247	-0.216	-0.159	-0.200	0.111	-0.294	-0.320	0.037	0.246	-0.082	-0.129
0.180	0.056	0.001	0.160	0.000	0.001	0.011	0.001	0.078	0.000	0.000	0.561	0.000	0.192	0.039
255	252	255	255	255	255	255	255	255	255	255	255	255	255	255