-0.028	-0.229	0.009	-0.032	0.106	0.050	-0.104	-0.013	-0.038	0.080	0.035	-0.027	0.195	-0.074	0.068
0.881	0.233	0.964	0.867	0.578	0.794	0.585	0.947	0.841	0.675	0.856	0.889	0.301	0.699	0.723
30	29	30	30	30	30	30	30	30	30	30	30	30	30	30
-0.125	-0.234	-0.069	-0.138	0.154	0.158	-0.132	0.101	-0.197	0.001	0.070	-0.186	0.014	-0.182	0.182
0.512	0.221	0.718	0.466	0.417	0.404	0.488	0.597	0.296	0.996	0.714	0.324	0.943	0.335	0.337
30	29	30	30	30	30	30	30	30	30	30	30	30	30	30
														
														
30	29	30	30	30	30	30	30	30	30	30	30	30	30	30
-0.024	-0.211	-0.113	-0.150	0.048	0.024	-0.045	-0.027	0.052	0.058	-0.012	0.062	0.275	-0.053	-0.015
0.899	0.272	0.552	0.428	0.802	0.898	0.814	0.889	0.785	0.761	0.950	0.744	0.142	0.782	0.939
30	29	30	30	30	30	30	30	30	30	30	30	30	30	30
-0.161	-0.248	0.075	-0.054	0.290	0.290	0.161	0.225	-0.097	0.225	0.268	-0.097	0.291	-0.225	-0.140
0.396	0.194	0.693	0.778	0.121	0.121	0.396	0.231	0.610	0.231	0.152	0.610	0.119	0.231	0.462
30	29	30	30	30	30	30	30	30	30	30	30	30	30	30
-0.024	-0.211	-0.113	-0.150	0.048	0.024	-0.045	-0.027	0.052	0.058	-0.012	0.062	0.275	-0.053	-0.015
0.899	0.272	0.552	0.428	0.802	0.898	0.814	0.889	0.785	0.761	0.950	0.744	0.142	0.782	0.939
30	29	30	30	30	30	30	30	30	30	30	30	30	30	30
0.130	0.090	0.004	-0.012	0.323	0.230	-0.173	0.137	-0.357	0.059	0.229	-0.357	0.208	0.069	-0.067
0.493	0.644	0.983	0.951	0.082	0.221	0.361	0.471	0.053	0.756	0.223	0.053	0.271	0.715	0.723
30	29	30	30	30	30	30	30	30	30	30	30	30	30	30
-0.039	-0.237	-0.005	-0.036	0.153	0.103	-0.069	0.036	-0.064	0.092	0.077	-0.055	0.266	-0.094	0.014
0.838	0.215	0.978	0.850	0.419	0.589	0.717	0.850	0.736	0.630	0.685	0.773	0.156	0.623	0.940
30	29	30	30	30	30	30	30	30	30	30	30	30	30	30