-0.073	-0.228	0.041	0.022	-0.423	-0.239	-0.118	-0.212	0.001	-0.203	-0.329	0.125	0.336	0.114	-0.34
0.671	0.188	0.812	0.896	0.010	0.161	0.495	0.215	0.993	0.235	0.050	0.468	0.045	0.509	0.042
36	35	36	36	36	36	36	36	36	36	36	36	36	36	36
0.000	0.017	-0.028	0.032	-0.001	0.147	-0.202	0.006	-0.452	-0.371	-0.180	-0.401	0.158	0.363	-0.225
0.998	0.923	0.878	0.858	0.994	0.414	0.260	0.974	0.008	0.034	0.316	0.021	0.381	0.038	0.207
33	33	33	33	33	33	33	33	33	33	33	33	33	33	33
-0.39	-0.065	-0.207	-0.012	-0.132	-0.217	-0.155	-0.173	0.045	-0.431	-0.313	-0.101	0.255	0.020	-0.468
0.025	0.721	0.249	0.947	0.463	0.225	0.388	0.335	0.803	0.012	0.076	0.577	0.153	0.912	0.006
33	33	33	33	33	33	33	33	33	33	33	33	33	33	33
-0.130	-0.253	-0.068	-0.033	-0.346	-0.205	-0.227	-0.178	-0.149	-0.327	-0.337	-0.033	0.351	0.161	-0.423
0.445	0.136	0.690	0.847	0.036	0.224	0.176	0.292	0.378	0.048	0.041	0.844	0.033	0.341	0.009
37	36	37	37	37	37	37	37	37	37	37	37	37	37	37
-0.222	-0.008	-0.268	-0.095	-0.144	-0.300	-0.190	-0.334	0.277	-0.432	-0.406	-0.038	0.000	0.007	-0.183
0.186	0.963	0.109	0.575	0.395	0.072	0.261	0.044	0.097	0.008	0.013	0.821	1.000	0.969	0.279
37	36	37	37	37	37	37	37	37	37	37	37	37	37	37
-0.313	-0.208	-0.260	-0.090	-0.416	-0.458	-0.271	-0.381	0.179	-0.553	-0.565	-0.029	0.273	0.020	-0.448
0.059	0.223	0.119	0.598	0.010	0.004	0.105	0.020	0.288	0.000	0.000	0.866	0.102	0.909	0.005
37	36	37	37	37	37	37	37	37	37	37	37	37	37	37
-0.209	-0.072	0.244	0.310	-0.195	-0.070	0.133	0.141	0.094	-0.024	-0.086	0.107	0.411	0.025	-0.253
0.213	0.675	0.146	0.062	0.249	0.683	0.433	0.406	0.579	0.889	0.612	0.527	0.011	0.885	0.130
37	36	37	37	37	37	37	37	37	37	37	37	37	37	37
-0.336	-0.208	-0.216	-0.039	-0.422	-0.44	-0.232	-0.339	0.183	-0.528	-0.547	-0.025	0.315	0.000	-0.46
0.042	0.222	0.199	0.820	0.009	0.006	0.167	0.040	0.278	0.001	0.000	0.884	0.058	1.000	0.004
37	36	37	37	37	37	37	37	37	37	37	37	37	37	37