-0.142	-0.144	0.072	0.077	-0.151	-0.176	0.038	-0.119	0.160	0.042	-0.064	0.146	0.000	-0.190	-0.132
0.012	0.011	0.209	0.178	0.008	0.002	0.509	0.036	0.005	0.466	0.264	0.010	0.994	0.001	0.022
309	309	309	309	309	309	309	309	309	309	309	309	305	305	301
-0.218	-0.226	-0.122	-0.077	-0.117	-0.112	-0.259	-0.261	0.111	-0.274	-0.281	0.078	0.084	-0.025	0.016
0.000	0.000	0.042	0.199	0.052	0.061	0.000	0.000	0.065	0.000	0.000	0.195	0.162	0.676	0.792
279	279	279	279	279	279	279	279	279	279	279	279	275	275	271
-0.040	-0.062	-0.084	-0.041	-0.017	0.007	-0.071	-0.062	0.003	-0.131	-0.126	0.005	-0.034	0.048	0.072
0.503	0.294	0.157	0.495	0.773	0.905	0.232	0.296	0.961	0.027	0.034	0.938	0.569	0.419	0.231
285	285	285	285	285	285	285	285	285	285	285	285	281	281	277
-0.149	-0.146	0.116	0.112	-0.114	-0.140	0.091	-0.049	0.175	0.084	-0.003	0.159	0.016	-0.177	-0.060
0.007	0.008	0.034	0.043	0.039	0.011	0.100	0.370	0.001	0.126	0.963	0.004	0.778	0.001	0.282
330	330	330	330	330	330	330	330	330	330	330	330	326	326	322
-0.139	-0.242	-0.262	-0.121	-0.151	-0.133	-0.164	-0.222	0.086	-0.342	-0.360	0.004	0.297	-0.130	-0.076
0.011	0.000	0.000	0.028	0.006	0.016	0.003	0.000	0.117	0.000	0.000	0.938	0.000	0.019	0.171
330	330	330	330	330	330	330	330	330	330	330	330	326	326	322
-0.187	-0.272	-0.177	-0.058	-0.182	-0.171	-0.097	-0.210	0.145	-0.252	-0.312	0.074	0.259	-0.176	-0.088
0.001	0.000	0.001	0.290	0.001	0.002	0.078	0.000	0.008	0.000	0.000	0.178	0.000	0.001	0.116
330	330	330	330	330	330	330	330	330	330	330	330	326	326	322
-0.100	-0.106	0.096	0.091	-0.085	-0.118	0.047	-0.031	0.139	0.075	0.015	0.109	-0.090	-0.158	-0.101
0.070	0.055	0.080	0.099	0.121	0.033	0.397	0.569	0.012	0.175	0.789	0.048	0.104	0.004	0.070
330	330	330	330	330	330	330	330	330	330	330	330	326	326	322
-0.175	-0.267	-0.164	-0.056	-0.181	-0.172	-0.097	-0.208	0.147	-0.239	-0.300	0.078	0.243	-0.177	-0.102
0.001	0.000	0.003	0.313	0.001	0.002	0.079	0.000	0.007	0.000	0.000	0.155	0.000	0.001	0.068
330	330	330	330	330	330	330	330	330	330	330	330	326	326	322