-0.402149578	-0.478	-0.204317126	-0.064200704	-0.377595724	-0.343617748	0.122133246	-0.216748892	0.091226596	-0.173405974	-0.269492899	0.060652456	0.086777162	-0.498	0.156739851
0.063543959	0.024497717	0.361733799	0.776530514	0.08318389	0.117408038	0.588196786	0.332603604	0.686391024	0.440266133	0.225188656	0.788602442	0.700987322	0.018380132	0.486062055
22	22	22	22	22	22	22	22	22	22	22	22	22	22	22
-0.515	-0.508	-0.545	-0.171713046	-0.298133109	-0.368518709	-0.618	-0.632	0.04969909	-0.738	-0.629	-0.025095117	0.305560137	0.181626967	-0.432411115
0.020078255	0.022196925	0.013052674	0.469138379	0.201703036	0.109862909	0.003654625	0.002783487	0.83516826	0.000204969	0.002991516	0.916361203	0.190156413	0.443457739	0.05689241
20	20	20	20	20	20	20	20	20	20	20	20	20	20	20
-0.080033631	-0.03809293	-0.148017857	-0.154113146	-0.536	-0.531	-0.096633655	-0.35371006	0.564	-0.202679212	-0.408634889	0.614	0.049990055	0.012701232	-0.323347423
0.723303375	0.866345094	0.510939299	0.493489792	0.010097865	0.011017253	0.668797898	0.106330453	0.006255313	0.365678458	0.059001953	0.00237998	0.825150795	0.955263261	0.14213836
22	22	22	22	22	22	22	22	22	22	22	22	22	22	22
-0.134738097	-0.308025469	0.070212036	0.216761715	-0.169045636	-0.097913332	0.424	0.019251592	0.245829791	0.086706354	-0.048203246	0.21024597	0.200039405	-0.298399674	0.067822874
0.511665884	0.12579875	0.733234505	0.287498879	0.40906481	0.63417846	0.031047643	0.925629654	0.226076897	0.67363219	0.815111733	0.30258584	0.327189603	0.138689334	0.742003633
26	26	26	26	26	26	26	26	26	26	26	26	26	26	26
-0.067830987	-0.153559872	0.044659646	0.18230897	-0.279078242	-0.300624326	0.300874448	-0.047124193	0.517	-0.003252728	-0.156644916	0.455	0.110744148	-0.144216282	-0.370881121
0.741973801	0.453884358	0.828497791	0.372724478	0.16738583	0.135628933	0.135287925	0.819182722	0.006777991	0.987417877	0.444754737	0.019624786	0.590179457	0.482128332	0.062142544
26	26	26	26	26	26	26	26	26	26	26	26	26	26	26
-0.084645636	-0.188358627	0.021526807	0.18026329	-0.300870664	-0.314385337	0.333026415	-0.06116592	0.533	-0.019054703	-0.179723937	0.466	0.097550336	-0.160003565	-0.326592779
0.680983151	0.356792361	0.916868584	0.378203714	0.135293078	0.117775383	0.096425308	0.766599941	0.005056264	0.926388216	0.379656035	0.016429534	0.635441961	0.434927985	0.10343777
26	26	26	26	26	26	26	26	26	26	26	26	26	26	26
														
														
26	26	26	26	26	26	26	26	26	26	26	26	26	26	26
-0.084645636	-0.188358627	0.021526807	0.18026329	-0.300870664	-0.314385337	0.333026415	-0.06116592	0.533	-0.019054703	-0.179723937	0.466	0.097550336	-0.160003565	-0.326592779
0.680983151	0.356792361	0.916868584	0.378203714	0.135293078	0.117775383	0.096425308	0.766599941	0.005056264	0.926388216	0.379656035	0.016429534	0.635441961	0.434927985	0.10343777
26	26	26	26	26	26	26	26	26	26	26	26	26	26	26