-0.113914711	-0.169091705	-0.060423593	0.156961616	-0.17882622	-0.161753021	0.28495749	-0.060858951	0.179289205	-0.04195103	-0.285308438	0.192390586	-0.097360221	0.257137628	0.220094497
0.48987706	0.3034542	0.714811136	0.339949253	0.276046193	0.325223732	0.07869315	0.712843461	0.274784341	0.799826328	0.078309546	0.24063974	0.555434733	0.114042592	0.17819053
39	39	39	39	39	39	39	39	39	39	39	39	39	39	39
-0.100800485	-0.228745655	-0.188994019	-0.082377057	-0.359	-0.238679012	0.124882138	-0.087516073	0.187396637	-0.197599839	-0.384	0.301477013	0.190836083	0.168788695	0.148359376
0.541480215	0.16130689	0.249202825	0.618092468	0.024996379	0.143385847	0.448757937	0.59626853	0.253299724	0.227896826	0.015769602	0.062163756	0.2445338	0.304334223	0.367395839
39	39	39	39	39	39	39	39	39	39	39	39	39	39	39
0.196278403	0.175715393	0.329	0.28282206	-0.160142795	0.072276111	0.247548535	0.187752998	-0.060246682	0.280437674	0.203357105	0.160269751	-0.38	0.326	0.25900888
0.231084786	0.284622803	0.040764738	0.081058968	0.330127418	0.661928986	0.128661372	0.252381869	0.715611235	0.083765612	0.214358627	0.329739137	0.017008802	0.042830416	0.111342279
39	39	39	39	39	39	39	39	39	39	39	39	39	39	39
-0.190388573	-0.258412986	-0.271772997	-0.0856634	-0.070345058	-0.192983489	0.20979618	-0.078167562	0.200200115	-0.23973736	-0.424	0.080237652	0.409	0.111397883	0.168611231
0.245662636	0.112196881	0.094195537	0.604097507	0.670443349	0.239165602	0.199887864	0.636214083	0.221711715	0.141566511	0.00721408	0.627275518	0.009755627	0.499579562	0.30485038
39	39	39	39	39	39	39	39	39	39	39	39	39	39	39
-0.295431059	-0.372	-0.398	-0.317	-0.175603964	-0.309196842	-0.086501878	-0.305634092	0.273887578	-0.348	-0.503	0.140070744	0.691	-0.113187655	-0.063213367
0.067859831	0.019760141	0.012152856	0.049029248	0.284933184	0.055449332	0.600548803	0.058472247	0.091562566	0.029981363	0.001114088	0.395055171	1.13262E-06	0.492669872	0.70223429
39	39	39	39	39	39	39	39	39	39	39	39	39	39	39
-0.255538964	-0.375	-0.44	-0.26789953	-0.138416183	-0.265853093	0.010753606	-0.207096535	0.233794254	-0.396	-0.54	0.106077632	0.643	-0.053544196	-0.012108328
0.116388449	0.018789663	0.005115255	0.099169044	0.400717358	0.101876494	0.948195427	0.205869241	0.152006153	0.012602605	0.000392428	0.520406675	9.9788E-06	0.746137596	0.941679703
39	39	39	39	39	39	39	39	39	39	39	39	39	39	39
-0.144811682	-0.307249483	-0.295860777	-0.120707518	-0.259987625	-0.235764009	0.149148109	-0.114232345	0.204535899	-0.274837029	-0.477	0.220267786	0.428	0.14410482	0.129670536
0.379089859	0.057085759	0.067441862	0.464183677	0.109949311	0.148485665	0.364825596	0.488659513	0.211656782	0.090398966	0.002118121	0.177840428	0.006600707	0.381445787	0.431413294
39	39	39	39	39	39	39	39	39	39	39	39	39	39	39
-0.253386755	-0.378	-0.446	-0.275598696	-0.143634593	-0.271123308	0.000438923	-0.211804921	0.236304572	-0.402	-0.542	0.108560482	0.654	-0.056778409	-0.017899268
0.119603734	0.017689022	0.004395659	0.089473777	0.383017782	0.095016072	0.997884104	0.195516959	0.147530056	0.011251588	0.000360652	0.510634008	6.22216E-06	0.731356428	0.913874651
39	39	39	39	39	39	39	39	39	39	39	39	39	39	39