-0.408	-0.292138215	0.17554078	0.171380757	-0.367	-0.204255405	-0.26885676	-0.377	-0.022115484	-0.100044707	-0.394	0.148981486	0.279203261	-0.058871109	-0.278883884
0.013417421	0.083825005	0.305810206	0.317594252	0.027549246	0.232114741	0.112838818	0.023402295	0.89812884	0.561548245	0.017410418	0.385834516	0.099131593	0.733060907	0.099534774
36	36	36	36	36	36	36	36	36	36	36	36	36	36	36
-0.401	-0.292188001	0.146306891	0.127886862	0.142274965	0.24896708	-0.572	-0.312305219	-0.427	-0.382	-0.316706094	-0.321308669	0.220267761	0.002158852	-0.369
0.020733319	0.098942155	0.416534833	0.478170868	0.42963074	0.162361312	0.000506412	0.076820498	0.013309943	0.028446103	0.072537063	0.068258528	0.218042855	0.990486677	0.034528387
33	33	33	33	33	33	33	33	33	33	33	33	33	33	33
-0.067518477	-0.262376511	-0.139633086	-0.101337124	0.202744047	0.175996447	-0.198888813	-0.109477373	-0.213885987	-0.290095065	-0.060508088	-0.236106854	-0.008431908	0.191351491	-0.433
0.708898961	0.140184043	0.438333488	0.57470276	0.257815784	0.327227022	0.267168914	0.54419757	0.232009965	0.101495521	0.738004851	0.185893221	0.962855391	0.28608827	0.011774341
33	33	33	33	33	33	33	33	33	33	33	33	33	33	33
-0.334	-0.383	0.107836749	0.095074285	-0.155285113	-0.090307143	-0.337	-0.416	-0.101892976	-0.209331124	-0.379	0.012384375	0.142196148	-0.038519821	-0.38
0.043487723	0.019344208	0.525240332	0.575659808	0.358761998	0.595036897	0.041131018	0.010431786	0.548450795	0.21370582	0.020541816	0.942006373	0.401168317	0.82093015	0.020319282
37	37	37	37	37	37	37	37	37	37	37	37	37	37	37
-0.153005692	-0.217432247	-0.174105349	0.087335759	-0.081299416	-0.139587351	0.145806552	-0.145719658	0.166062358	-0.232786503	-0.206443493	-0.081897889	-0.107424484	0.027181397	-0.089116157
0.365946125	0.196106259	0.30273302	0.607256857	0.632404768	0.409951149	0.389193495	0.389479231	0.325956738	0.165588674	0.220234676	0.629892626	0.526834567	0.873123302	0.59992199
37	37	37	37	37	37	37	37	37	37	37	37	37	37	37
-0.398	-0.423	-0.03591703	0.154104153	-0.250554012	-0.186798106	-0.135940019	-0.415	0.046532783	-0.298089554	-0.449	-0.018049673	0.060225261	-0.050432125	-0.338
0.014613414	0.009152912	0.832852853	0.362473419	0.134725143	0.268281501	0.422411713	0.010731165	0.784483457	0.073139216	0.005280668	0.915556929	0.72327588	0.766904552	0.04052136
37	37	37	37	37	37	37	37	37	37	37	37	37	37	37
-0.264534282	-0.129065472	0.131770907	0.058815567	-0.090928797	0.034687763	-0.220222097	-0.195557222	-0.092299723	-0.02730754	-0.196589876	0.060455045	0.199836653	-0.047539761	-0.205488522
0.113603041	0.446465049	0.436911263	0.729506985	0.592493966	0.838496782	0.190287523	0.246072413	0.586902992	0.872539298	0.243537856	0.722261845	0.235683494	0.779933361	0.222423629
37	37	37	37	37	37	37	37	37	37	37	37	37	37	37
-0.411	-0.408	-0.023980389	0.152161567	-0.251639446	-0.168035649	-0.167049438	-0.418	0.020692508	-0.296519724	-0.453	-0.019210355	0.0998987	-0.057066923	-0.356
0.01153318	0.012157097	0.887964276	0.368628211	0.132988138	0.320159058	0.323048514	0.00996476	0.903247184	0.074737219	0.004858757	0.910148173	0.556345467	0.737260068	0.030425471
37	37	37	37	37	37	37	37	37	37	37	37	37	37	37