														
														
31	31	31	31	31	31	31	31	31	31	31	31	31	31	31
-0.377	-0.102577293	-0.53	-0.574	-0.020401667	-0.069922217	-0.608	-0.639	0.030313122	-0.625	-0.634	-0.181123467	0.102625846	0.071216638	-0.09431021
0.040233296	0.589616502	0.002575846	0.000915116	0.91478323	0.713502472	0.000363012	0.000144635	0.873658529	0.000220765	0.000171072	0.338136294	0.589439444	0.708426368	0.62009462
30	30	30	30	30	30	30	30	30	30	30	30	30	30	30
														
														
30	30	30	30	30	30	30	30	30	30	30	30	30	30	30
														
														
31	31	31	31	31	31	31	31	31	31	31	31	31	31	31
-0.304317022	-0.189360363	-0.388	-0.250653778	-0.179533352	-0.398	-0.183092819	-0.443	0.367	-0.443	-0.432	-0.12550633	-0.0596927	-0.197922983	0.085813663
0.09601637	0.307607134	0.031131662	0.173811343	0.333841913	0.026557042	0.324185886	0.012574536	0.042109907	0.012625275	0.015357957	0.501111922	0.749740471	0.285833585	0.646231193
31	31	31	31	31	31	31	31	31	31	31	31	31	31	31
-0.304317022	-0.189360363	-0.388	-0.250653778	-0.179533352	-0.398	-0.183092819	-0.443	0.367	-0.443	-0.432	-0.12550633	-0.0596927	-0.197922983	0.085813663
0.09601637	0.307607134	0.031131662	0.173811343	0.333841913	0.026557042	0.324185886	0.012574536	0.042109907	0.012625275	0.015357957	0.501111922	0.749740471	0.285833585	0.646231193
31	31	31	31	31	31	31	31	31	31	31	31	31	31	31
														
														
31	31	31	31	31	31	31	31	31	31	31	31	31	31	31
-0.304317022	-0.189360363	-0.388	-0.250653778	-0.179533352	-0.398	-0.183092819	-0.443	0.367	-0.443	-0.432	-0.12550633	-0.0596927	-0.197922983	0.085813663
0.09601637	0.307607134	0.031131662	0.173811343	0.333841913	0.026557042	0.324185886	0.012574536	0.042109907	0.012625275	0.015357957	0.501111922	0.749740471	0.285833585	0.646231193
31	31	31	31	31	31	31	31	31	31	31	31	31	31	31